[
  [ [5,7]
  , [7,1,3]
  , [4,1,1,3,4]
  , [3,1,1,1,1,2,1]
  , [2,1,1,1,1,1]

  , [2,1,1,1,1,1,1,1]
  , [2,3,1,1,3,4,1]
  , [3,1,1,1,1,8]
  , [2,1,1,1,2,1,5]
  , [5,1,2,1,1,4,1]

  , [3,2,3,4,1,3]
  , [3,3,1,12,1,5]
  , [3,5,1,2,4]
  , [3,7,5,1,2]
  , [3,3,1,7,4]

  , [2,1,2,1,5,6]
  , [3,2,7,1,3,2]
  , [3,2,1,1,4,3]
  , [6,5,1,3]
  , [3,1,2,9,4]

  , [1,1,1,3,1,5,10]
  , [1,1,1,3,1,1,2,3]
  , [10,7,1,1,1]
  , [10,7,2,3]
  , [4,5,7,8]

  , [5,4,1,2,8]
  , [4,4,2,1,5,3]
  , [4,4,7,4,3]
  , [4,4,5,1,2,2,5]
  , [4,3,1,1,1,7]

  , [4,4,1,5,2,3,3]
  , [4,4,7,4,3]
  , [3,3,7,3,3]
  , [1,3,1,3,1,1,3,3]
  , [5,5,7,4,3]
  ]
  ,

  [ [7,5]
  , [8,8,7,7]
  , [4,13,11,1]
  , [3,2,19]
  , [2,2,1,2,10,2]

  , [2,1,1,5,6,3,2]
  , [2,3,5,1,3]
  , [2,5,11,5]
  , [3,1,14,1]
  , [14,2,15]

  , [1,1,1,2,10,2]
  , [1,7,1,3,2]
  , [1,1,1,1]
  , [1,1,1,2,21]
  , [1,1,1,1,2,3,3,3,2,1]

  , [12,2,1,3,3,2,3,1]
  , [3,1,4,4,3,3,2,3,1]
  , [2,1,1,2,4,3,3,2,3,1]
  , [2,1,2,4,2,4,1,3,1]
  , [1,22]

  , [1,1,1]
  , [1,2,2]
  , [3,1,1]
  , [2,2,3,1,7,1]
  , [2,1,1,4,9,5]

  , [2,1,4,2,5,4]
  , [4,2,1,5,5]
  , [4,5,2,1,3,4]
  , [7,7,3,2]
  , [7,6,4,2]

  , [2,3,13]
  , [1,1,5,1]
  , [8]
  , [7]
  , [3]
  ]
]
